{
    "R_cam2gripper": [
        [
            -0.9247540929453164,
            0.38001290342168076,
            -0.02049538518568208
        ],
        [
            -0.3805651135875954,
            -0.9233766469095213,
            0.05045554738767525
        ],
        [
            0.00024879900664647944,
            0.054458802549759676,
            0.9985159873151257
        ]
    ],
    "t_cam2gripper": [
        0.02679932292700219,
        0.028662048657290606,
        0.06128400717298848
    ],
    "H_cam2gripper": [
        [
            -0.9247540929453164,
            0.38001290342168076,
            -0.02049538518568208,
            0.02679932292700219
        ],
        [
            -0.3805651135875954,
            -0.9233766469095213,
            0.05045554738767525,
            0.028662048657290606
        ],
        [
            0.00024879900664647944,
            0.054458802549759676,
            0.9985159873151257,
            0.06128400717298848
        ],
        [
            0.0,
            0.0,
            0.0,
            1.0
        ]
    ],
    "H_cam2gripper_mm": [
        [
            -0.9247540929453164,
            0.38001290342168076,
            -0.02049538518568208,
            26.79932292700219
        ],
        [
            -0.3805651135875954,
            -0.9233766469095213,
            0.05045554738767525,
            28.662048657290605
        ],
        [
            0.00024879900664647944,
            0.054458802549759676,
            0.9985159873151257,
            61.28400717298848
        ],
        [
            0.0,
            0.0,
            0.0,
            1.0
        ]
    ],
    "method": "TSAI",
    "timestamp": "20260119_142225",
    "unit": "meters",
    "validation": {
        "euclidean_std_mm": 13.216176405555819
    }
}