{
    "R_cam2gripper": [
        [
            -0.9247014866485024,
            0.3801176476448769,
            -0.02092210646600342
        ],
        [
            -0.38069298858464684,
            -0.9232902084515604,
            0.051068967288992136
        ],
        [
            9.503967330281964e-05,
            0.05518844921176377,
            0.9984759516588577
        ]
    ],
    "t_cam2gripper": [
        0.026898888732177877,
        0.028739796381351632,
        0.06128124406032405
    ],
    "H_cam2gripper": [
        [
            -0.9247014866485024,
            0.3801176476448769,
            -0.02092210646600342,
            0.026898888732177877
        ],
        [
            -0.38069298858464684,
            -0.9232902084515604,
            0.051068967288992136,
            0.028739796381351632
        ],
        [
            9.503967330281964e-05,
            0.05518844921176377,
            0.9984759516588577,
            0.06128124406032405
        ],
        [
            0.0,
            0.0,
            0.0,
            1.0
        ]
    ],
    "H_cam2gripper_mm": [
        [
            -0.9247014866485024,
            0.3801176476448769,
            -0.02092210646600342,
            26.898888732177877
        ],
        [
            -0.38069298858464684,
            -0.9232902084515604,
            0.051068967288992136,
            28.73979638135163
        ],
        [
            9.503967330281964e-05,
            0.05518844921176377,
            0.9984759516588577,
            61.28124406032405
        ],
        [
            0.0,
            0.0,
            0.0,
            1.0
        ]
    ],
    "method": "TSAI",
    "timestamp": "20260119_140501",
    "unit": "meters",
    "validation": {
        "euclidean_std_mm": 13.140600247015866
    }
}